Date|Open|High|Low|Close|Adj Close|Volume
2020-06-01|100.0199966430664|100.0199966430664|100.01000213623047|100.01000213623047|99.09326934814453|1600
2020-06-02|100.0199966430664|100.0199966430664|100.01300048828125|100.01300048828125|99.09623718261719|4000
2020-06-03|100.01499938964844|100.01499938964844|100.01499938964844|100.01499938964844|99.09822845458984|100
2020-06-04|100.0|100.02100372314453|100.0|100.01499938964844|99.09822845458984|2400
2020-06-05|100.0199966430664|100.0199966430664|100.01000213623047|100.01000213623047|99.09326934814453|400
2020-06-08|100.01000213623047|100.01000213623047|100.01000213623047|100.01000213623047|99.09326934814453|100
2020-06-09|100.01000213623047|100.01000213623047|100.01000213623047|100.01000213623047|99.09326934814453|100
2020-06-10|100.0199966430664|100.0199966430664|100.01499938964844|100.01499938964844|99.09822845458984|12300
2020-06-11|100.0199966430664|100.02999877929688|100.01499938964844|100.01499938964844|99.09822845458984|7587100
2020-06-12|100.01000213623047|100.0199966430664|100.01000213623047|100.01499938964844|99.09822845458984|4900
2020-06-15|100.0199966430664|100.0199966430664|100.01499938964844|100.01499938964844|99.09822845458984|8500
2020-06-16|100.01499938964844|100.01499938964844|100.01499938964844|100.01499938964844|99.09822845458984|100
2020-06-17|100.02999877929688|100.02999877929688|100.01499938964844|100.0199966430664|99.10318756103516|4600
2020-06-18|100.02999877929688|100.02999877929688|100.0199966430664|100.02400207519531|99.10714721679688|19600
2020-06-19|100.0250015258789|100.02899932861328|100.0199966430664|100.0250015258789|99.10814666748047|5600
2020-06-22|100.02999877929688|100.02999877929688|100.01000213623047|100.0199966430664|99.10318756103516|22500
2020-06-23|100.02999877929688|100.02999877929688|100.0199966430664|100.0199966430664|99.10318756103516|1500
2020-06-24|100.01000213623047|100.02999877929688|100.01000213623047|100.0199966430664|99.10318756103516|17100
2020-06-25|100.0199966430664|100.0199966430664|100.01000213623047|100.0199966430664|99.10318756103516|10700
2020-06-26|100.02999877929688|100.02999877929688|100.01000213623047|100.01499938964844|99.09822845458984|51200
2020-06-29|100.0250015258789|100.0250015258789|100.0199966430664|100.0250015258789|99.10814666748047|3700
2020-06-30|100.0250015258789|100.0250015258789|100.0250015258789|100.0250015258789|99.10814666748047|700
2020-07-01|100.0199966430664|100.0199966430664|100.01499938964844|100.01499938964844|99.10417175292969|15100
2020-07-02|100.0199966430664|100.02999877929688|100.0199966430664|100.02100372314453|99.11013793945312|5300
2020-07-06|100.01499938964844|100.0199966430664|100.01499938964844|100.01499938964844|99.10417175292969|2400
2020-07-07|100.01100158691406|100.0199966430664|100.01100158691406|100.01499938964844|99.10417175292969|3900
2020-07-08|100.0199966430664|100.02999877929688|100.01499938964844|100.01499938964844|99.10417175292969|18700
2020-07-09|100.02999877929688|100.02999877929688|100.0250015258789|100.0250015258789|99.11408233642578|400
2020-07-10|100.02999877929688|100.02999877929688|100.0250015258789|100.02899932861328|99.11804962158203|26400
2020-07-13|100.02999877929688|100.02999877929688|100.0250015258789|100.0250015258789|99.11408233642578|1000
2020-07-14|100.0199966430664|100.02999877929688|100.01000213623047|100.0199966430664|99.109130859375|6500
2020-07-15|100.02999877929688|100.02999877929688|100.01599884033203|100.0199966430664|99.109130859375|9100
2020-07-16|100.02999877929688|100.02999877929688|100.01000213623047|100.0199966430664|99.109130859375|14700
2020-07-17|100.02999877929688|100.02999877929688|100.0199966430664|100.0199966430664|99.109130859375|18300
2020-07-20|100.02999877929688|100.02999877929688|100.0199966430664|100.0199966430664|99.109130859375|1200
2020-07-21|100.02999877929688|100.02999877929688|100.01000213623047|100.0199966430664|99.109130859375|157200
2020-07-22|100.02999877929688|100.02999877929688|100.01000213623047|100.0199966430664|99.109130859375|9000
2020-07-23|100.0199966430664|100.02999877929688|100.01000213623047|100.0199966430664|99.109130859375|10600
2020-07-24|100.0199966430664|100.02999877929688|100.0199966430664|100.0199966430664|99.109130859375|1400
2020-07-27|100.02999877929688|100.02999877929688|100.0199966430664|100.0199966430664|99.109130859375|23900
2020-07-28|100.02999877929688|100.02999877929688|100.01000213623047|100.0199966430664|99.109130859375|16000
2020-07-29|100.02999877929688|100.02999877929688|100.0199966430664|100.0250015258789|99.11408233642578|1600
2020-07-30|100.02999877929688|100.04000091552734|100.01000213623047|100.0199966430664|99.109130859375|17000
2020-07-31|100.02999877929688|100.02999877929688|100.0250015258789|100.0250015258789|99.11408233642578|1400
2020-08-03|100.01499938964844|100.01499938964844|100.01499938964844|100.01499938964844|99.11507415771484|300
2020-08-04|100.0199966430664|100.0199966430664|100.01000213623047|100.01499938964844|99.11507415771484|1400
2020-08-05|100.01000213623047|100.0199966430664|100.01000213623047|100.01499938964844|99.11507415771484|12800
2020-08-06|100.01000213623047|100.0199966430664|100.01000213623047|100.01499938964844|99.11507415771484|21500
2020-08-07|100.0199966430664|100.02999877929688|100.0199966430664|100.0199966430664|99.12002563476562|10000
2020-08-10|100.0199966430664|100.0199966430664|100.0|100.01499938964844|99.11507415771484|25600
2020-08-11|100.0199966430664|100.0199966430664|100.01499938964844|100.01499938964844|99.11507415771484|20600
2020-08-12|100.01000213623047|100.02999877929688|100.01000213623047|100.0199966430664|99.12002563476562|291300
2020-08-13|100.01799774169922|100.0199966430664|100.01799774169922|100.0199966430664|99.12002563476562|600
2020-08-14|100.02999877929688|100.02999877929688|100.0250015258789|100.0250015258789|99.12498474121094|28700
2020-08-17|100.02999877929688|100.02999877929688|100.0199966430664|100.0250015258789|99.12498474121094|44700
2020-08-18|100.02999877929688|100.02999877929688|100.01000213623047|100.0199966430664|99.12002563476562|8300
2020-08-19|100.02999877929688|100.02999877929688|100.0270004272461|100.0270004272461|99.126953125|2900
2020-08-20|100.02999877929688|100.02999877929688|100.0199966430664|100.0199966430664|99.12002563476562|3000
2020-08-21|100.01000213623047|100.02999877929688|100.01000213623047|100.0199966430664|99.12002563476562|11500
2020-08-24|100.02999877929688|100.02999877929688|100.0199966430664|100.0199966430664|99.12002563476562|11300
2020-08-25|100.0199966430664|100.02999877929688|100.01300048828125|100.0250015258789|99.12498474121094|6700
2020-08-26|100.01000213623047|100.02999877929688|100.01000213623047|100.01000213623047|99.11011505126953|26000
2020-08-27|100.01000213623047|100.02999877929688|100.01000213623047|100.02999877929688|99.12993621826172|61700
2020-08-28|100.0199966430664|100.02999877929688|100.0199966430664|100.0199966430664|99.12002563476562|700
2020-08-31|100.0199966430664|100.02999877929688|100.01000213623047|100.0199966430664|99.12002563476562|20500
2020-09-01|100.0199966430664|100.0199966430664|100.0|100.0|99.10713195800781|44000
2020-09-02|100.0199966430664|100.0199966430664|100.0|100.01000213623047|99.1170425415039|14200
2020-09-03|100.01799774169922|100.0199966430664|100.01000213623047|100.01499938964844|99.12200927734375|3200
2020-09-04|100.0199966430664|100.0199966430664|100.01499938964844|100.01499938964844|99.12200927734375|500
2020-09-08|100.01000213623047|100.0199966430664|100.01000213623047|100.01499938964844|99.12200927734375|2200
2020-09-09|100.0199966430664|100.02999877929688|100.01000213623047|100.0199966430664|99.12696075439453|58600
2020-09-10|100.0199966430664|100.0199966430664|100.01000213623047|100.01499938964844|99.12200927734375|1600
2020-09-11|100.01899719238281|100.0199966430664|100.01499938964844|100.01499938964844|99.12200927734375|12500
2020-09-14|100.01100158691406|100.0199966430664|100.01000213623047|100.01499938964844|99.12200927734375|4900
2020-09-15|100.0199966430664|100.0199966430664|100.01000213623047|100.01499938964844|99.12200927734375|14800
2020-09-16|100.01499938964844|100.0199966430664|100.01499938964844|100.01499938964844|99.12200927734375|2500
2020-09-17|100.0199966430664|100.0199966430664|100.01000213623047|100.01499938964844|99.12200927734375|3000
2020-09-18|100.02999877929688|100.02999877929688|100.01000213623047|100.01499938964844|99.12200927734375|800
2020-09-21|100.0199966430664|100.0199966430664|100.01499938964844|100.01499938964844|99.12200927734375|58500
2020-09-22|100.0199966430664|100.0199966430664|100.01300048828125|100.01499938964844|99.12200927734375|16400
2020-09-23|100.0199966430664|100.0199966430664|100.01499938964844|100.01499938964844|99.12200927734375|11400
2020-09-24|100.01499938964844|100.0199966430664|100.01000213623047|100.01499938964844|99.12200927734375|11000
2020-09-25|100.0199966430664|100.02999877929688|100.0199966430664|100.0199966430664|99.12696075439453|800
2020-09-28|100.0250015258789|100.02999877929688|100.0199966430664|100.0199966430664|99.12696075439453|485200
2020-09-29|100.02999877929688|100.02999877929688|100.0199966430664|100.0199966430664|99.12696075439453|3300
2020-09-30|100.02999877929688|100.02999877929688|100.01000213623047|100.0199966430664|99.12696075439453|900
2020-10-01|100.0199966430664|100.0199966430664|100.01300048828125|100.01499938964844|99.12696838378906|31100
2020-10-02|100.00599670410156|100.0199966430664|100.0|100.01000213623047|99.12200927734375|15000
2020-10-05|100.0199966430664|100.0199966430664|100.01899719238281|100.01899719238281|99.13092803955078|40200
2020-10-06|100.01899719238281|100.0199966430664|100.01000213623047|100.01499938964844|99.12696838378906|28100
2020-10-07|100.01000213623047|100.02999877929688|100.01000213623047|100.01499938964844|99.12696838378906|59500
2020-10-08|100.01899719238281|100.0199966430664|100.01000213623047|100.01499938964844|99.12696838378906|44300
2020-10-09|100.0199966430664|100.0199966430664|100.01499938964844|100.01499938964844|99.12696838378906|11100
2020-10-12|100.01899719238281|100.0199966430664|100.01000213623047|100.01499938964844|99.12696838378906|23100
2020-10-13|100.01000213623047|100.0199966430664|100.01000213623047|100.01499938964844|99.12696838378906|48400
2020-10-14|100.01499938964844|100.0199966430664|100.01499938964844|100.01499938964844|99.12696838378906|17000
2020-10-15|100.0199966430664|100.05000305175781|100.01499938964844|100.01499938964844|99.12696838378906|115600
2020-10-16|100.01000213623047|100.0199966430664|100.01000213623047|100.01499938964844|99.12696838378906|8200
2020-10-19|100.0199966430664|100.0199966430664|100.01499938964844|100.01499938964844|99.12696838378906|14600
2020-10-20|100.01000213623047|100.0199966430664|100.01000213623047|100.01499938964844|99.12696838378906|11400
2020-10-21|100.01799774169922|100.0199966430664|100.01000213623047|100.01499938964844|99.12696838378906|17100
2020-10-22|100.01899719238281|100.0199966430664|100.01499938964844|100.01499938964844|99.12696838378906|16100
2020-10-23|100.02799987792969|100.02999877929688|100.0199966430664|100.0199966430664|99.13191986083984|15200
2020-10-26|100.01899719238281|100.02999877929688|100.01899719238281|100.0199966430664|99.13191986083984|3400
2020-10-27|100.01499938964844|100.02999877929688|100.01000213623047|100.0199966430664|99.13191986083984|7700
2020-10-28|100.0199966430664|100.02999877929688|100.01699829101562|100.0199966430664|99.13191986083984|6100
2020-10-29|100.01599884033203|100.02999877929688|100.01200103759766|100.0199966430664|99.13191986083984|2100
2020-10-30|100.02200317382812|100.02999877929688|100.01000213623047|100.0199966430664|99.13191986083984|5000
2020-11-02|100.01499938964844|100.0199966430664|100.01399993896484|100.0199966430664|99.13688659667969|2100
2020-11-03|100.0199966430664|100.0199966430664|100.01499938964844|100.01499938964844|99.13191986083984|4200
2020-11-04|100.0199966430664|100.0199966430664|100.01499938964844|100.01499938964844|99.13191986083984|500
2020-11-05|100.01399993896484|100.0199966430664|100.01399993896484|100.01499938964844|99.13191986083984|2300
2020-11-06|100.01899719238281|100.0199966430664|100.01499938964844|100.01499938964844|99.13191986083984|3000
2020-11-09|100.01499938964844|100.0199966430664|100.01000213623047|100.0199966430664|99.13688659667969|11200
2020-11-10|100.01499938964844|100.0199966430664|100.01499938964844|100.01499938964844|99.13191986083984|2000
2020-11-11|100.01799774169922|100.0199966430664|100.01499938964844|100.01499938964844|99.13191986083984|8700
2020-11-12|100.01499938964844|100.0199966430664|100.01499938964844|100.01499938964844|99.13191986083984|3300
2020-11-13|100.01000213623047|100.0199966430664|100.01000213623047|100.01499938964844|99.13191986083984|35500
2020-11-16|100.01899719238281|100.0199966430664|100.01000213623047|100.01499938964844|99.13191986083984|5800
2020-11-17|100.01499938964844|100.0199966430664|100.01000213623047|100.01499938964844|99.13191986083984|2100
2020-11-18|100.01599884033203|100.02100372314453|100.01000213623047|100.0199966430664|99.13688659667969|782700
2020-11-19|100.01000213623047|100.02999877929688|100.01000213623047|100.01499938964844|99.13191986083984|190100
2020-11-20|100.01699829101562|100.02999877929688|100.01000213623047|100.01499938964844|99.13191986083984|7900
2020-11-23|100.0250015258789|100.0250015258789|100.01000213623047|100.0199966430664|99.13688659667969|4300
2020-11-24|100.02899932861328|100.02999877929688|100.01000213623047|100.0199966430664|99.13688659667969|11700
2020-11-25|100.02799987792969|100.02799987792969|100.01000213623047|100.01000213623047|99.12696838378906|4600
2020-11-27|100.02999877929688|100.02999877929688|100.0199966430664|100.0199966430664|99.13688659667969|7900
2020-11-30|100.01000213623047|100.02899932861328|100.01000213623047|100.0199966430664|99.13688659667969|8600
2020-12-01|100.01000213623047|100.0199966430664|100.01000213623047|100.01000213623047|99.13192749023438|9900
2020-12-02|100.01000213623047|100.0199966430664|100.01000213623047|100.01000213623047|99.13192749023438|9900
2020-12-03|100.01000213623047|100.0199966430664|100.01000213623047|100.01499938964844|99.13687896728516|23100
2020-12-04|100.01000213623047|100.0199966430664|100.01000213623047|100.01499938964844|99.13687896728516|15100
2020-12-07|100.01100158691406|100.0199966430664|100.01000213623047|100.01000213623047|99.13192749023438|44500
2020-12-08|100.0199966430664|100.0199966430664|100.01000213623047|100.01000213623047|99.13192749023438|65900
2020-12-09|100.01100158691406|100.0199966430664|100.01000213623047|100.01000213623047|99.13192749023438|7900
2020-12-10|100.0199966430664|100.02999877929688|100.01000213623047|100.01499938964844|99.13687896728516|35600
2020-12-11|100.01799774169922|100.0199966430664|100.01000213623047|100.01499938964844|99.13687896728516|32600
2020-12-14|100.0199966430664|100.02999877929688|100.01000213623047|100.01499938964844|99.13687896728516|46400
2020-12-15|100.0199966430664|100.02999877929688|100.01000213623047|100.01499938964844|99.13687896728516|82600
2020-12-16|100.0199966430664|100.02999877929688|100.0199966430664|100.0250015258789|99.14676666259766|6600
2020-12-17|100.01100158691406|100.0199966430664|100.01000213623047|100.01499938964844|99.14281463623047|13100
2020-12-18|100.0199966430664|100.0199966430664|100.01000213623047|100.01499938964844|99.14281463623047|73300
2020-12-21|100.01000213623047|100.0199966430664|100.01000213623047|100.01499938964844|99.14281463623047|36200
2020-12-22|100.01000213623047|100.0199966430664|100.01000213623047|100.01499938964844|99.14281463623047|80000
2020-12-23|100.0199966430664|100.0199966430664|100.01000213623047|100.01000213623047|99.13786315917969|48200
2020-12-24|100.01499938964844|100.0199966430664|100.01000213623047|100.01000213623047|99.13786315917969|22300
2020-12-28|100.01100158691406|100.0199966430664|100.01000213623047|100.01000213623047|99.13786315917969|46400
2020-12-29|100.0199966430664|100.0199966430664|100.01000213623047|100.01000213623047|99.13786315917969|47300
2020-12-30|100.0199966430664|100.0199966430664|100.01100158691406|100.01499938964844|99.14281463623047|3700
2020-12-31|100.01000213623047|100.0199966430664|100.01000213623047|100.01499938964844|99.14281463623047|47200
2021-01-04|100.0199966430664|100.0199966430664|100.01000213623047|100.01499938964844|99.14281463623047|74600
2021-01-05|100.01499938964844|100.0199966430664|100.01000213623047|100.01499938964844|99.14281463623047|4400
2021-01-06|100.0199966430664|100.0199966430664|100.01000213623047|100.01000213623047|99.13786315917969|15200
2021-01-07|100.0199966430664|100.0199966430664|100.01000213623047|100.01499938964844|99.14281463623047|42200
2021-01-08|100.01100158691406|100.01899719238281|100.01000213623047|100.01499938964844|99.14281463623047|39000
2021-01-11|100.01000213623047|100.0199966430664|100.01000213623047|100.01499938964844|99.14281463623047|21900
2021-01-12|100.01000213623047|100.0199966430664|100.01000213623047|100.01499938964844|99.14281463623047|19000
2021-01-13|100.0199966430664|100.0199966430664|100.01000213623047|100.01000213623047|99.13786315917969|9400
2021-01-14|100.01100158691406|100.0199966430664|100.01000213623047|100.01000213623047|99.13786315917969|67400
2021-01-15|100.01499938964844|100.0199966430664|100.01000213623047|100.01499938964844|99.14281463623047|19200
2021-01-19|100.01000213623047|100.0199966430664|100.01000213623047|100.01000213623047|99.13786315917969|125000
2021-01-20|100.01499938964844|100.0199966430664|100.01000213623047|100.01499938964844|99.14281463623047|154100
2021-01-21|100.01799774169922|100.0199966430664|100.01499938964844|100.01499938964844|99.14281463623047|21600
2021-01-22|100.0199966430664|100.0199966430664|100.01000213623047|100.01499938964844|99.14281463623047|63200
2021-01-25|100.01499938964844|100.0199966430664|100.01000213623047|100.0199966430664|99.14777374267578|68000
2021-01-26|100.01499938964844|100.0199966430664|100.01000213623047|100.0199966430664|99.14777374267578|62500
2021-01-27|100.01499938964844|100.0199966430664|100.01100158691406|100.0199966430664|99.14777374267578|101900
2021-01-28|100.0199966430664|100.0199966430664|100.01100158691406|100.0199966430664|99.14777374267578|21500
2021-01-29|100.0199966430664|100.0199966430664|100.01000213623047|100.0199966430664|99.14777374267578|40400
2021-02-01|100.01200103759766|100.0199966430664|100.01000213623047|100.01499938964844|99.14776611328125|68800
2021-02-02|100.01000213623047|100.0199966430664|100.01000213623047|100.01000213623047|99.142822265625|54200
2021-02-03|100.0199966430664|100.0199966430664|100.01000213623047|100.01000213623047|99.142822265625|56000
2021-02-04|100.0199966430664|100.0199966430664|100.01000213623047|100.01000213623047|99.142822265625|136900
2021-02-05|100.0199966430664|100.0199966430664|100.01000213623047|100.01499938964844|99.14776611328125|71500
2021-02-08|100.0199966430664|100.0199966430664|100.01000213623047|100.01499938964844|99.14776611328125|106700
2021-02-09|100.0199966430664|100.0199966430664|100.01000213623047|100.01000213623047|99.142822265625|34100
2021-02-10|100.0199966430664|100.0199966430664|100.01000213623047|100.01499938964844|99.14776611328125|47600
2021-02-11|100.01499938964844|100.0199966430664|100.01000213623047|100.01499938964844|99.14776611328125|76400
2021-02-12|100.0199966430664|100.0199966430664|100.01000213623047|100.01499938964844|99.14776611328125|29700
2021-02-16|100.01000213623047|100.0199966430664|100.01000213623047|100.01499938964844|99.14776611328125|28700
2021-02-17|100.01000213623047|100.0199966430664|100.01000213623047|100.01000213623047|99.142822265625|47900
2021-02-18|100.0199966430664|100.0199966430664|100.01000213623047|100.01499938964844|99.14776611328125|65700
2021-02-19|100.0199966430664|100.0199966430664|100.01000213623047|100.01499938964844|99.14776611328125|25300
2021-02-22|100.01499938964844|100.0199966430664|100.01000213623047|100.01499938964844|99.14776611328125|28600
2021-02-23|100.01000213623047|100.0199966430664|100.01000213623047|100.01499938964844|99.14776611328125|48200
2021-02-24|100.01000213623047|100.0199966430664|100.01000213623047|100.0199966430664|99.15272521972656|67500
2021-02-25|100.0199966430664|100.0199966430664|100.01000213623047|100.01000213623047|99.142822265625|52100
2021-02-26|100.01499938964844|100.0199966430664|100.01000213623047|100.01499938964844|99.14776611328125|33700
2021-03-01|100.0199966430664|100.02999877929688|100.0199966430664|100.02999877929688|99.16262817382812|19900
2021-03-02|100.01499938964844|100.02999877929688|100.01000213623047|100.02999877929688|99.16262817382812|199600
2021-03-03|100.02999877929688|100.02999877929688|100.01000213623047|100.01000213623047|99.142822265625|29500
2021-03-04|100.0199966430664|100.02999877929688|100.01000213623047|100.0199966430664|99.15272521972656|16300
2021-03-05|100.01000213623047|100.0250015258789|100.01000213623047|100.0199966430664|99.15272521972656|13400
2021-03-08|100.01000213623047|100.0199966430664|100.01000213623047|100.0199966430664|99.15272521972656|30000
2021-03-09|100.0199966430664|100.0199966430664|100.01100158691406|100.01499938964844|99.14776611328125|24600
2021-03-10|100.0199966430664|100.0199966430664|100.01000213623047|100.0199966430664|99.15272521972656|17800
2021-03-11|100.0199966430664|100.02799987792969|100.01100158691406|100.01499938964844|99.14776611328125|14600
2021-03-12|100.02999877929688|100.02999877929688|100.01000213623047|100.01499938964844|99.14776611328125|19800
2021-03-15|100.01599884033203|100.0199966430664|100.01000213623047|100.0199966430664|99.15272521972656|16800
2021-03-16|100.0199966430664|100.02999877929688|100.0199966430664|100.0250015258789|99.15766906738281|12500
2021-03-17|100.02999877929688|100.02999877929688|100.0199966430664|100.0250015258789|99.15766906738281|5700
2021-03-18|100.02999877929688|100.02999877929688|100.0199966430664|100.0199966430664|99.15272521972656|15900
2021-03-19|100.0250015258789|100.0250015258789|100.0199966430664|100.0250015258789|99.15766906738281|12700
2021-03-22|100.0250015258789|100.02999877929688|100.0199966430664|100.02100372314453|99.1537094116211|26500
2021-03-23|100.0250015258789|100.02999877929688|100.0199966430664|100.02799987792969|99.16065216064453|103200
2021-03-24|100.02999877929688|100.02999877929688|100.0199966430664|100.0250015258789|99.15766906738281|41300
2021-03-25|100.02799987792969|100.02999877929688|100.0199966430664|100.0199966430664|99.15272521972656|14500
2021-03-26|100.02999877929688|100.02999877929688|100.0199966430664|100.0250015258789|99.15766906738281|20500
2021-03-29|100.0199966430664|100.02999877929688|100.01499938964844|100.01499938964844|99.14776611328125|109300
2021-03-30|100.0250015258789|100.02999877929688|100.0199966430664|100.0250015258789|99.15766906738281|4300
2021-03-31|100.01000213623047|100.02999877929688|100.01000213623047|100.01499938964844|99.14776611328125|67300
2021-04-01|100.0199966430664|100.02999877929688|100.0199966430664|100.0250015258789|99.15766906738281|7900
2021-04-05|100.0199966430664|100.0199966430664|100.01000213623047|100.0199966430664|99.15272521972656|110600
2021-04-06|100.0250015258789|100.02999877929688|100.0199966430664|100.02999877929688|99.16262817382812|24800
2021-04-07|100.02999877929688|100.02999877929688|100.0199966430664|100.0199966430664|99.15272521972656|58000
2021-04-08|100.02999877929688|100.02999877929688|100.0199966430664|100.02999877929688|99.16262817382812|31400
2021-04-09|100.02999877929688|100.02999877929688|100.0199966430664|100.0199966430664|99.15272521972656|14000
2021-04-12|100.0250015258789|100.02999877929688|100.0199966430664|100.0199966430664|99.15272521972656|68200
2021-04-13|100.02999877929688|100.02999877929688|100.0199966430664|100.0250015258789|99.15766906738281|21200
2021-04-14|100.0199966430664|100.02999877929688|100.0199966430664|100.0250015258789|99.15766906738281|38400
2021-04-15|100.0250015258789|100.02999877929688|100.0199966430664|100.0250015258789|99.15766906738281|52700
2021-04-16|100.0199966430664|100.02999877929688|100.0199966430664|100.02999877929688|99.16262817382812|183400
2021-04-19|100.0199966430664|100.02999877929688|100.0199966430664|100.02999877929688|99.16262817382812|199900
2021-04-20|100.02999877929688|100.02999877929688|100.0199966430664|100.0250015258789|99.15766906738281|83000
2021-04-21|100.02999877929688|100.02999877929688|100.0199966430664|100.0199966430664|99.15272521972656|19700
2021-04-22|100.0250015258789|100.02999877929688|100.0199966430664|100.02999877929688|99.16262817382812|31300
2021-04-23|100.0199966430664|100.02999877929688|100.0199966430664|100.02999877929688|99.16262817382812|30000
2021-04-26|100.02999877929688|100.02999877929688|100.0199966430664|100.0199966430664|99.15272521972656|98100
2021-04-27|100.02999877929688|100.02999877929688|100.0199966430664|100.0199966430664|99.15272521972656|47200
2021-04-28|100.02999877929688|100.02999877929688|100.0199966430664|100.0250015258789|99.15766906738281|21100
2021-04-29|100.0199966430664|100.02999877929688|100.0199966430664|100.02999877929688|99.16262817382812|27800
2021-04-30|100.0250015258789|100.02999877929688|100.0199966430664|100.02999877929688|99.16262817382812|16200
2021-05-03|100.02999877929688|100.02999877929688|100.0199966430664|100.02999877929688|99.16659545898438|65300
2021-05-04|100.02999877929688|100.02999877929688|100.0199966430664|100.0199966430664|99.15669250488281|20500
2021-05-05|100.02200317382812|100.02999877929688|100.0199966430664|100.0250015258789|99.16163635253906|27300
2021-05-06|100.0250015258789|100.0250015258789|100.0199966430664|100.0250015258789|99.16163635253906|16400
2021-05-07|100.02999877929688|100.02999877929688|100.0199966430664|100.02200317382812|99.15867614746094|20200
2021-05-10|100.02999877929688|100.02999877929688|100.0199966430664|100.02999877929688|99.16659545898438|39500
2021-05-11|100.02999877929688|100.02999877929688|100.0199966430664|100.0199966430664|99.15669250488281|39300
2021-05-12|100.0250015258789|100.02999877929688|100.0199966430664|100.0250015258789|99.16163635253906|28100
2021-05-13|100.0250015258789|100.02999877929688|100.0199966430664|100.0199966430664|99.15669250488281|58500
2021-05-14|100.02999877929688|100.02999877929688|100.0199966430664|100.0250015258789|99.16163635253906|22300
2021-05-17|100.0199966430664|100.02999877929688|100.0199966430664|100.0199966430664|99.15669250488281|10700
2021-05-18|100.02999877929688|100.02999877929688|100.0199966430664|100.0250015258789|99.16163635253906|22500
2021-05-19|100.02999877929688|100.02999877929688|100.0199966430664|100.0199966430664|99.15669250488281|48500
2021-05-20|100.02999877929688|100.02999877929688|100.0199966430664|100.0199966430664|99.15669250488281|40300
2021-05-21|100.02100372314453|100.02999877929688|100.0199966430664|100.0199966430664|99.15669250488281|16300
2021-05-24|100.02999877929688|100.02999877929688|100.0199966430664|100.02799987792969|99.16461944580078|11300
2021-05-25|100.0199966430664|100.02999877929688|100.0199966430664|100.02999877929688|99.16659545898438|15000
2021-05-26|100.0250015258789|100.02999877929688|100.0199966430664|100.0250015258789|99.16163635253906|8100
2021-05-27|100.0199966430664|100.02999877929688|100.0199966430664|100.0199966430664|99.15669250488281|13600
2021-05-28|100.0199966430664|100.02999877929688|100.0199966430664|100.02999877929688|99.16659545898438|9200
2021-06-01|100.0199966430664|100.02999877929688|100.0199966430664|100.0250015258789|99.16361999511719|16300
2021-06-02|100.02999877929688|100.02999877929688|100.0199966430664|100.0250015258789|99.16361999511719|17300
2021-06-03|100.0199966430664|100.02999877929688|100.0199966430664|100.0199966430664|99.15867614746094|18600
2021-06-04|100.0250015258789|100.02999877929688|100.0199966430664|100.0199966430664|99.15867614746094|17600
2021-06-07|100.02999877929688|100.02999877929688|100.0199966430664|100.02200317382812|99.16065216064453|24300
2021-06-08|100.02999877929688|100.02999877929688|100.0199966430664|100.02999877929688|99.16858673095703|22700
2021-06-09|100.0250015258789|100.02999877929688|100.0199966430664|100.0250015258789|99.16361999511719|23600
2021-06-10|100.0250015258789|100.02999877929688|100.0199966430664|100.0250015258789|99.16361999511719|33600
2021-06-11|100.02999877929688|100.02999877929688|100.0199966430664|100.0250015258789|99.16361999511719|9300
2021-06-14|100.02999877929688|100.02999877929688|100.0199966430664|100.0250015258789|99.16361999511719|42200
2021-06-15|100.02999877929688|100.02999877929688|100.02200317382812|100.0250015258789|99.16361999511719|10900
2021-06-16|100.02999877929688|100.02999877929688|100.0199966430664|100.0250015258789|99.16361999511719|26600
2021-06-17|100.02999877929688|100.02999877929688|100.0199966430664|100.02200317382812|99.16065216064453|32000
2021-06-18|100.02200317382812|100.02999877929688|100.01000213623047|100.01499938964844|99.15371704101562|16900
2021-06-21|100.0199966430664|100.0199966430664|100.01499938964844|100.01499938964844|99.15371704101562|21000
2021-06-22|100.0199966430664|100.02999877929688|100.0199966430664|100.02999877929688|99.16858673095703|19400
2021-06-23|100.02999877929688|100.02999877929688|100.01599884033203|100.0199966430664|99.15867614746094|55700
2021-06-24|100.02999877929688|100.02999877929688|100.0199966430664|100.0199966430664|99.15867614746094|17300
2021-06-25|100.02200317382812|100.02999877929688|100.0199966430664|100.02999877929688|99.16858673095703|21100
2021-06-28|100.02999877929688|100.02999877929688|100.0199966430664|100.0199966430664|99.15867614746094|21100
2021-06-29|100.02100372314453|100.02999877929688|100.0199966430664|100.0250015258789|99.16361999511719|37700
2021-06-30|100.0250015258789|100.02999877929688|100.0199966430664|100.0250015258789|99.16361999511719|33200
2021-07-01|100.0199966430664|100.02999877929688|100.0199966430664|100.02100372314453|99.16163635253906|19300
2021-07-02|100.02899932861328|100.02999877929688|100.0199966430664|100.02100372314453|99.16163635253906|4800
2021-07-06|100.02999877929688|100.02999877929688|100.0199966430664|100.0250015258789|99.16560363769531|22700
2021-07-07|100.02999877929688|100.02999877929688|100.01000213623047|100.0199966430664|99.16065979003906|11700
2021-07-08|100.0199966430664|100.02999877929688|100.0199966430664|100.0199966430664|99.16065979003906|33700
2021-07-09|100.0199966430664|100.02999877929688|100.0199966430664|100.0199966430664|99.16065979003906|10500
2021-07-12|100.02999877929688|100.02999877929688|100.01000213623047|100.0199966430664|99.16065979003906|8000
2021-07-13|100.0199966430664|100.02999877929688|100.0199966430664|100.0250015258789|99.16560363769531|15200
2021-07-14|100.02899932861328|100.02999877929688|100.01000213623047|100.0199966430664|99.16065979003906|12500
2021-07-15|100.01000213623047|100.02999877929688|100.01000213623047|100.0199966430664|99.16065979003906|8400
2021-07-16|100.0199966430664|100.0250015258789|100.0199966430664|100.0250015258789|99.16560363769531|14100
2021-07-19|100.0250015258789|100.02999877929688|100.0199966430664|100.0250015258789|99.16560363769531|33300
2021-07-20|100.0199966430664|100.02999877929688|100.0199966430664|100.0199966430664|99.16065979003906|211200
2021-07-21|100.02899932861328|100.02999877929688|100.01000213623047|100.02999877929688|99.17057037353516|27200
2021-07-22|100.0199966430664|100.02999877929688|100.0199966430664|100.0250015258789|99.16560363769531|55600
2021-07-23|100.0199966430664|100.02999877929688|100.0199966430664|100.02999877929688|99.17057037353516|16600
2021-07-26|100.02999877929688|100.02999877929688|100.0199966430664|100.02100372314453|99.16163635253906|32400
2021-07-27|100.02999877929688|100.02999877929688|100.0199966430664|100.0250015258789|99.16560363769531|21700
2021-07-28|100.02999877929688|100.02999877929688|100.01100158691406|100.02999877929688|99.17057037353516|10400
2021-07-29|100.0199966430664|100.02999877929688|100.01000213623047|100.02899932861328|99.16958618164062|36800
2021-07-30|100.0250015258789|100.02999877929688|100.0250015258789|100.0250015258789|99.16560363769531|8100
2021-08-02|100.01000213623047|100.0250015258789|100.01000213623047|100.01499938964844|99.15768432617188|9500
2021-08-03|100.0250015258789|100.02999877929688|100.0199966430664|100.0250015258789|99.16758728027344|7700
2021-08-04|100.02999877929688|100.02999877929688|100.01000213623047|100.02999877929688|99.17254638671875|25800
2021-08-05|100.02999877929688|100.02999877929688|100.01000213623047|100.0250015258789|99.16758728027344|9100
2021-08-06|100.01000213623047|100.0250015258789|100.01000213623047|100.0250015258789|99.16758728027344|23100
2021-08-09|100.0199966430664|100.02799987792969|100.01000213623047|100.0199966430664|99.16264343261719|10200
2021-08-10|100.02999877929688|100.02999877929688|100.01000213623047|100.0199966430664|99.16264343261719|7600
2021-08-11|100.02999877929688|100.02999877929688|100.01000213623047|100.0199966430664|99.16264343261719|36400
2021-08-12|100.01000213623047|100.0199966430664|100.01000213623047|100.01499938964844|99.15768432617188|9800
2021-08-13|100.0199966430664|100.02999877929688|100.01000213623047|100.0250015258789|99.16758728027344|18300
2021-08-16|100.02899932861328|100.02999877929688|100.01000213623047|100.02999877929688|99.17254638671875|42300
2021-08-17|100.02100372314453|100.02799987792969|100.01000213623047|100.01000213623047|99.15271759033203|42300
2021-08-18|100.0199966430664|100.02999877929688|100.0199966430664|100.0250015258789|99.16758728027344|10000
2021-08-19|100.0250015258789|100.02999877929688|100.0199966430664|100.0199966430664|99.16264343261719|12500
2021-08-20|100.0199966430664|100.02999877929688|100.0199966430664|100.02999877929688|99.17254638671875|18600
2021-08-23|100.02100372314453|100.02999877929688|100.0199966430664|100.0199966430664|99.16264343261719|46500
2021-08-24|100.0199966430664|100.0260009765625|100.0199966430664|100.0250015258789|99.16758728027344|7700
2021-08-25|100.0250015258789|100.02899932861328|100.0199966430664|100.0199966430664|99.16264343261719|16800
2021-08-26|100.0250015258789|100.02999877929688|100.0199966430664|100.0250015258789|99.16758728027344|20900
2021-08-27|100.0250015258789|100.02999877929688|100.0199966430664|100.0250015258789|99.16758728027344|3800
2021-08-30|100.02999877929688|100.02999877929688|100.0199966430664|100.0250015258789|99.16758728027344|14700
2021-08-31|100.0199966430664|100.02999877929688|100.0199966430664|100.0250015258789|99.16758728027344|15000
2021-09-01|100.02799987792969|100.02799987792969|100.0199966430664|100.0250015258789|99.17056274414062|3700
2021-09-02|100.0199966430664|100.0270004272461|100.0199966430664|100.02200317382812|99.16758728027344|6900
2021-09-03|100.02999877929688|100.02999877929688|100.0199966430664|100.0250015258789|99.17056274414062|30800
2021-09-07|100.0199966430664|100.02999877929688|100.0199966430664|100.02999877929688|99.17552185058594|110700
2021-09-08|100.0199966430664|100.02999877929688|100.0199966430664|100.0250015258789|99.17056274414062|586900
2021-09-09|100.02999877929688|100.02999877929688|100.01000213623047|100.01699829101562|99.16264343261719|63900
2021-09-10|100.02999877929688|100.02999877929688|100.01300048828125|100.02999877929688|99.17552185058594|15000
2021-09-13|100.02999877929688|100.02999877929688|100.0199966430664|100.0250015258789|99.17056274414062|16600
2021-09-14|100.0199966430664|100.02999877929688|100.01000213623047|100.0199966430664|99.16561126708984|25400
2021-09-15|100.02999877929688|100.02999877929688|100.01000213623047|100.02999877929688|99.17552185058594|22300
2021-09-16|100.0199966430664|100.02999877929688|100.01000213623047|100.02999877929688|99.17552185058594|8200
2021-09-17|100.02999877929688|100.02999877929688|100.0199966430664|100.0250015258789|99.17056274414062|25200
2021-09-20|100.02300262451172|100.02999877929688|100.0199966430664|100.02200317382812|99.16758728027344|91900
2021-09-21|100.02799987792969|100.02999877929688|100.0199966430664|100.0250015258789|99.17056274414062|42700
2021-09-22|100.02999877929688|100.02999877929688|100.0199966430664|100.0250015258789|99.17056274414062|13400
2021-09-23|100.02999877929688|100.02999877929688|100.0199966430664|100.02100372314453|99.16658782958984|22400
2021-09-24|100.0250015258789|100.02999877929688|100.0199966430664|100.0250015258789|99.17056274414062|28700
2021-09-27|100.02999877929688|100.02999877929688|100.0199966430664|100.0250015258789|99.17056274414062|32100
2021-09-28|100.0250015258789|100.02999877929688|100.0199966430664|100.0199966430664|99.16561126708984|25900
2021-09-29|100.0199966430664|100.02999877929688|100.0199966430664|100.02999877929688|99.17552185058594|41500
2021-09-30|100.0199966430664|100.02999877929688|100.0199966430664|100.0250015258789|99.17056274414062|17100
2021-10-01|100.02999877929688|100.02999877929688|100.01000213623047|100.01499938964844|99.16362762451172|45800
2021-10-04|100.02999877929688|100.02999877929688|100.0199966430664|100.02100372314453|99.16956329345703|17100
2021-10-05|100.01899719238281|100.02999877929688|100.01000213623047|100.0250015258789|99.17353057861328|274900
2021-10-06|100.01000213623047|100.0199966430664|100.01000213623047|100.01499938964844|99.16362762451172|42500
2021-10-07|100.01499938964844|100.02999877929688|100.01000213623047|100.01499938964844|99.16362762451172|322000
2021-10-08|100.01000213623047|100.02999877929688|100.01000213623047|100.0260009765625|99.17453002929688|22900
2021-10-11|100.02999877929688|100.02999877929688|100.01000213623047|100.0199966430664|99.16858673095703|8200
2021-10-12|100.02400207519531|100.02999877929688|100.01000213623047|100.0199966430664|99.16858673095703|27800
2021-10-13|100.01599884033203|100.02999877929688|100.01000213623047|100.0199966430664|99.16858673095703|51900
2021-10-14|100.01000213623047|100.02999877929688|100.01000213623047|100.0199966430664|99.16858673095703|19800
2021-10-15|100.02100372314453|100.02999877929688|100.01200103759766|100.0199966430664|99.16858673095703|13000
2021-10-18|100.02999877929688|100.02999877929688|100.01000213623047|100.02899932861328|99.17752075195312|26600
2021-10-19|100.02999877929688|100.02999877929688|100.01000213623047|100.0199966430664|99.16858673095703|10000
2021-10-20|100.01000213623047|100.02799987792969|100.01000213623047|100.0199966430664|99.16858673095703|16100
2021-10-21|100.02799987792969|100.02999877929688|100.01000213623047|100.02999877929688|99.1784896850586|16800
2021-10-22|100.01000213623047|100.02999877929688|100.01000213623047|100.0260009765625|99.17453002929688|28600
2021-10-25|100.0260009765625|100.02999877929688|100.01000213623047|100.01000213623047|99.1586685180664|29900
2021-10-26|100.0270004272461|100.02999877929688|100.01000213623047|100.0199966430664|99.16858673095703|8400
2021-10-27|100.02999877929688|100.02999877929688|100.01000213623047|100.01300048828125|99.1616439819336|56600
2021-10-28|100.01899719238281|100.0199966430664|100.01000213623047|100.01499938964844|99.16362762451172|78400
2021-10-29|100.01000213623047|100.0199966430664|100.01000213623047|100.0199966430664|99.16858673095703|25800
2021-11-01|100.0199966430664|100.0199966430664|100.01000213623047|100.0199966430664|99.17156982421875|11500
2021-11-02|100.0199966430664|100.02999877929688|100.01000213623047|100.02999877929688|99.18147277832031|16800
2021-11-03|100.01200103759766|100.02999877929688|100.01000213623047|100.02999877929688|99.18147277832031|32800
2021-11-04|100.0199966430664|100.02999877929688|100.01000213623047|100.0199966430664|99.17156982421875|33200
2021-11-05|100.0199966430664|100.02999877929688|100.01000213623047|100.0199966430664|99.17156982421875|25500
2021-11-08|100.02899932861328|100.02999877929688|100.0199966430664|100.0250015258789|99.176513671875|20900
2021-11-09|100.01699829101562|100.02999877929688|100.01699829101562|100.0199966430664|99.17156982421875|11800
2021-11-10|100.01000213623047|100.02999877929688|100.01000213623047|100.02999877929688|99.18147277832031|17600
2021-11-11|100.02999877929688|100.02999877929688|100.01000213623047|100.0199966430664|99.17156982421875|22000
2021-11-12|100.01000213623047|100.0270004272461|100.01000213623047|100.0199966430664|99.17156982421875|9600
2021-11-15|100.0199966430664|100.02999877929688|100.01100158691406|100.0199966430664|99.17156982421875|30300
2021-11-16|100.02999877929688|100.02999877929688|100.01000213623047|100.01000213623047|99.1616439819336|25600
2021-11-17|100.01200103759766|100.02999877929688|100.01000213623047|100.0199966430664|99.17156982421875|40200
2021-11-18|100.02999877929688|100.02999877929688|100.01000213623047|100.0199966430664|99.17156982421875|30900
2021-11-19|100.01000213623047|100.02999877929688|100.01000213623047|100.0199966430664|99.17156982421875|11800
2021-11-22|100.02999877929688|100.02999877929688|100.01200103759766|100.0199966430664|99.17156982421875|23200
2021-11-23|100.0270004272461|100.02999877929688|100.01000213623047|100.0260009765625|99.1775131225586|40700
2021-11-24|100.02300262451172|100.02999877929688|100.0199966430664|100.02999877929688|99.18147277832031|124000
2021-11-26|100.0199966430664|100.02999877929688|100.01000213623047|100.0199966430664|99.17156982421875|6300
2021-11-29|100.0199966430664|100.02999877929688|100.0199966430664|100.0250015258789|99.176513671875|10400
2021-11-30|100.0199966430664|100.02999877929688|100.01000213623047|100.0199966430664|99.17156982421875|30100
2021-12-01|100.02300262451172|100.02300262451172|100.01000213623047|100.01499938964844|99.1695785522461|31400
2021-12-02|100.0199966430664|100.0199966430664|100.01000213623047|100.01499938964844|99.1695785522461|19600
2021-12-03|100.0260009765625|100.02999877929688|100.01000213623047|100.0199966430664|99.17454528808594|62500
2021-12-06|100.01000213623047|100.02999877929688|100.01000213623047|100.0199966430664|99.17454528808594|85700
2021-12-07|100.02999877929688|100.02999877929688|100.01200103759766|100.01799774169922|99.17255401611328|33300
2021-12-08|100.02999877929688|100.02999877929688|100.01000213623047|100.01499938964844|99.1695785522461|80100
2021-12-09|100.02999877929688|100.02999877929688|100.01000213623047|100.0199966430664|99.17454528808594|50400
2021-12-10|100.02899932861328|100.02999877929688|100.01899719238281|100.0250015258789|99.17948913574219|23200
2021-12-13|100.02999877929688|100.02999877929688|100.01000213623047|100.0250015258789|99.17948913574219|19500
2021-12-14|100.02999877929688|100.02999877929688|100.01000213623047|100.0199966430664|99.17454528808594|29600
2021-12-15|100.02999877929688|100.02999877929688|100.01000213623047|100.0199966430664|99.17454528808594|102800
2021-12-16|100.0199966430664|100.02999877929688|100.01000213623047|100.0250015258789|99.18445587158203|44800
2021-12-17|100.01000213623047|100.02999877929688|100.01000213623047|100.0199966430664|99.17949676513672|29100
2021-12-20|100.0199966430664|100.0199966430664|100.01000213623047|100.01499938964844|99.17454528808594|183000
2021-12-21|100.01000213623047|100.0199966430664|100.01000213623047|100.01899719238281|99.17849731445312|155300
2021-12-22|100.0199966430664|100.02999877929688|100.01000213623047|100.0199966430664|99.17949676513672|58000
2021-12-23|100.02999877929688|100.02999877929688|100.01000213623047|100.02899932861328|99.18842315673828|69100
2021-12-27|100.0199966430664|100.0199966430664|100.01000213623047|100.0199966430664|99.17949676513672|18300
2021-12-28|100.0199966430664|100.0199966430664|100.01000213623047|100.0199966430664|99.17949676513672|17300
2021-12-29|100.01000213623047|100.02999877929688|100.01000213623047|100.01499938964844|99.17454528808594|42200
2021-12-30|100.01000213623047|100.02999877929688|100.01000213623047|100.01499938964844|99.17454528808594|72300
2021-12-31|100.0250015258789|100.02999877929688|100.0199966430664|100.0250015258789|99.18445587158203|35000
2022-01-03|100.01200103759766|100.0199966430664|100.01000213623047|100.0199966430664|99.17949676513672|28300
2022-01-04|100.01000213623047|100.0199966430664|100.01000213623047|100.01100158691406|99.17058563232422|38300
2022-01-05|100.0199966430664|100.0199966430664|100.01000213623047|100.01499938964844|99.17454528808594|29600
2022-01-06|100.0199966430664|100.02999877929688|100.01000213623047|100.0199966430664|99.17949676513672|93800
2022-01-07|100.0199966430664|100.02999877929688|100.01000213623047|100.0250015258789|99.18445587158203|99900
2022-01-10|100.0199966430664|100.0199966430664|100.01000213623047|100.0199966430664|99.17949676513672|49700
2022-01-11|100.01000213623047|100.0199966430664|100.01000213623047|100.0199966430664|99.17949676513672|82800
2022-01-12|100.01000213623047|100.02999877929688|100.01000213623047|100.01899719238281|99.17849731445312|56300
2022-01-13|100.02899932861328|100.02999877929688|100.01000213623047|100.01499938964844|99.17454528808594|18800
2022-01-14|100.02999877929688|100.02999877929688|100.0199966430664|100.0250015258789|99.18445587158203|135300
2022-01-18|100.01000213623047|100.02999877929688|100.01000213623047|100.0270004272461|99.18643951416016|131400
2022-01-19|100.0199966430664|100.04000091552734|100.0199966430664|100.0250015258789|99.18445587158203|76100
2022-01-20|100.02999877929688|100.02999877929688|100.01000213623047|100.0199966430664|99.17949676513672|121500
2022-01-21|100.0199966430664|100.02999877929688|100.01000213623047|100.0199966430664|99.17949676513672|224300
2022-01-24|100.0199966430664|100.02999877929688|100.01000213623047|100.01000213623047|99.16958618164062|377900
2022-01-25|100.02999877929688|100.02999877929688|100.01000213623047|100.02200317382812|99.18147277832031|469500
2022-01-26|100.01000213623047|100.02999877929688|100.01000213623047|100.0250015258789|99.18445587158203|374100
2022-01-27|100.02999877929688|100.02999877929688|100.01000213623047|100.0199966430664|99.17949676513672|29200
2022-01-28|100.02999877929688|100.02999877929688|100.01000213623047|100.02899932861328|99.18842315673828|175700
2022-01-31|100.02999877929688|100.02999877929688|100.01000213623047|100.0250015258789|99.18445587158203|26900
2022-02-01|100.01599884033203|100.02999877929688|100.01000213623047|100.0270004272461|99.18842315673828|45500
2022-02-02|100.01000213623047|100.02999877929688|100.01000213623047|100.0199966430664|99.18148040771484|18200
2022-02-03|100.01000213623047|100.02999877929688|100.01000213623047|100.0199966430664|99.18148040771484|459900
2022-02-04|100.01000213623047|100.0199966430664|100.01000213623047|100.01899719238281|99.18048095703125|158300
2022-02-07|100.01000213623047|100.02999877929688|100.01000213623047|100.0250015258789|99.18643951416016|191400
2022-02-08|100.0199966430664|100.02999877929688|100.01000213623047|100.02300262451172|99.18445587158203|8006300
2022-02-09|100.02999877929688|100.02999877929688|100.01000213623047|100.0250015258789|99.18643951416016|133300
2022-02-10|100.01000213623047|100.02999877929688|100.01000213623047|100.0199966430664|99.18148040771484|232000
2022-02-11|100.01499938964844|100.02999877929688|100.01000213623047|100.01000213623047|99.17156982421875|318100
2022-02-14|100.02999877929688|100.02999877929688|100.01000213623047|100.0199966430664|99.18148040771484|135200
2022-02-15|100.01000213623047|100.02999877929688|100.01000213623047|100.0199966430664|99.18148040771484|377200
2022-02-16|100.02999877929688|100.02999877929688|100.01000213623047|100.02999877929688|99.19139099121094|133800
2022-02-17|100.02999877929688|100.02999877929688|100.0199966430664|100.02999877929688|99.19139099121094|165600
2022-02-18|100.01000213623047|100.02999877929688|100.01000213623047|100.02999877929688|99.19139099121094|574800
2022-02-22|100.0199966430664|100.02999877929688|100.0199966430664|100.02100372314453|99.1824722290039|65900
2022-02-23|100.0199966430664|100.04000091552734|100.0199966430664|100.02999877929688|99.19139099121094|591500
2022-02-24|100.04000091552734|100.04000091552734|100.0199966430664|100.0199966430664|99.18148040771484|476600
2022-02-25|100.02999877929688|100.04000091552734|100.0199966430664|100.02999877929688|99.19139099121094|137000
2022-02-28|100.0199966430664|100.04000091552734|100.0199966430664|100.02999877929688|99.19139099121094|106800
2022-03-01|100.02999877929688|100.02999877929688|100.01000213623047|100.02999877929688|99.19932556152344|193100
2022-03-02|100.01699829101562|100.02999877929688|100.01000213623047|100.0199966430664|99.18941497802734|55000
2022-03-03|100.02999877929688|100.02999877929688|100.0199966430664|100.0250015258789|99.19437408447266|225600
2022-03-04|100.02999877929688|100.04000091552734|100.01000213623047|100.02999877929688|99.19932556152344|709000
2022-03-07|100.02999877929688|100.02999877929688|100.0199966430664|100.02999877929688|99.19932556152344|371000
2022-03-08|100.01000213623047|100.04000091552734|100.01000213623047|100.02999877929688|99.19932556152344|703800
2022-03-09|100.0199966430664|100.02999877929688|100.0199966430664|100.0199966430664|99.18941497802734|406900
2022-03-10|100.02999877929688|100.04000091552734|100.0199966430664|100.02999877929688|99.19932556152344|250900
2022-03-11|100.01000213623047|100.02999877929688|100.01000213623047|100.02999877929688|99.19932556152344|180600
2022-03-14|100.0199966430664|100.02999877929688|100.0199966430664|100.02999877929688|99.19932556152344|383500
2022-03-15|100.0199966430664|100.02999877929688|100.0199966430664|100.0199966430664|99.18941497802734|190200
2022-03-16|100.0199966430664|100.04000091552734|100.0199966430664|100.02999877929688|99.19932556152344|232900
2022-03-17|100.02999877929688|100.04000091552734|100.0199966430664|100.02999877929688|99.19932556152344|768500
2022-03-18|100.04000091552734|100.04000091552734|100.0199966430664|100.02999877929688|99.19932556152344|428300
2022-03-21|100.0199966430664|100.04000091552734|100.0199966430664|100.02999877929688|99.19932556152344|860200
2022-03-22|100.04000091552734|100.04000091552734|100.0199966430664|100.03500366210938|99.20428466796875|722900
2022-03-23|100.04000091552734|100.04000091552734|100.02999877929688|100.04000091552734|99.20924377441406|315800
2022-03-24|100.04000091552734|100.04000091552734|100.02999877929688|100.04000091552734|99.20924377441406|385900
2022-03-25|100.04000091552734|100.04000091552734|100.02999877929688|100.02999877929688|99.19932556152344|306100
2022-03-28|100.04000091552734|100.04000091552734|100.02999877929688|100.02999877929688|99.19932556152344|174700
2022-03-29|100.04000091552734|100.04000091552734|100.02999877929688|100.04000091552734|99.20924377441406|180800
2022-03-30|100.05000305175781|100.05000305175781|100.02999877929688|100.05000305175781|99.21916198730469|404600
2022-03-31|100.05000305175781|100.05000305175781|100.02999877929688|100.05000305175781|99.21916198730469|293300
2022-04-01|100.02999877929688|100.02999877929688|100.01399993896484|100.02999877929688|99.21717071533203|207000
2022-04-04|100.01000213623047|100.02999877929688|100.01000213623047|100.02999877929688|99.21717071533203|138700
2022-04-05|100.02999877929688|100.02999877929688|100.0199966430664|100.02400207519531|99.21123504638672|87900
2022-04-06|100.02999877929688|100.02999877929688|100.0199966430664|100.0250015258789|99.21222686767578|224800
2022-04-07|100.02999877929688|100.02999877929688|100.0199966430664|100.02999877929688|99.21717071533203|510800
2022-04-08|100.02999877929688|100.02999877929688|100.0199966430664|100.02999877929688|99.21717071533203|216000
2022-04-11|100.02999877929688|100.02999877929688|100.0199966430664|100.02999877929688|99.21717071533203|323000
2022-04-12|100.02999877929688|100.02999877929688|100.0199966430664|100.02999877929688|99.21717071533203|233500
2022-04-13|100.04000091552734|100.04000091552734|100.0250015258789|100.03500366210938|99.22213745117188|135400
2022-04-14|100.04000091552734|100.04000091552734|100.02999877929688|100.03800201416016|99.22511291503906|94600
2022-04-18|100.04000091552734|100.04000091552734|100.0199966430664|100.04000091552734|99.22709655761719|156400
2022-04-19|100.04000091552734|100.04000091552734|100.02999877929688|100.04000091552734|99.22709655761719|215300
2022-04-20|100.04000091552734|100.04000091552734|100.02999877929688|100.04000091552734|99.22709655761719|172000
2022-04-21|100.04000091552734|100.04000091552734|100.02999877929688|100.04000091552734|99.22709655761719|405100
2022-04-22|100.04000091552734|100.04000091552734|100.02999877929688|100.04000091552734|99.22709655761719|490900
2022-04-25|100.05000305175781|100.05000305175781|100.02999877929688|100.04499816894531|99.23204803466797|1185600
2022-04-26|100.05000305175781|100.05000305175781|100.02999877929688|100.05000305175781|99.23702239990234|1286300
2022-04-27|100.05000305175781|100.05000305175781|100.04000091552734|100.05000305175781|99.23702239990234|790500
2022-04-28|100.04000091552734|100.05999755859375|100.04000091552734|100.05999755859375|99.2469253540039|233000
2022-04-29|100.05999755859375|100.05999755859375|100.04000091552734|100.05999755859375|99.2469253540039|1319600
2022-05-02|100.02999877929688|100.02999877929688|100.0199966430664|100.02999877929688|99.2419662475586|493100
2022-05-03|100.02999877929688|100.02999877929688|100.0199966430664|100.02999877929688|99.2419662475586|265200
2022-05-04|100.02999877929688|100.02999877929688|100.01000213623047|100.02999877929688|99.2419662475586|1761100
2022-05-05|100.04000091552734|100.04000091552734|100.02999877929688|100.04000091552734|99.25189208984375|560000
2022-05-06|100.02999877929688|100.04000091552734|100.02999877929688|100.04000091552734|99.25189208984375|433700
2022-05-09|100.02999877929688|100.04000091552734|100.02999877929688|100.04000091552734|99.25189208984375|449800
2022-05-10|100.04000091552734|100.04000091552734|100.02999877929688|100.04000091552734|99.25189208984375|370600
2022-05-11|100.04000091552734|100.04000091552734|100.02999877929688|100.04000091552734|99.25189208984375|857300
2022-05-12|100.05000305175781|100.05000305175781|100.02999877929688|100.04000091552734|99.25189208984375|716900
2022-05-13|100.04000091552734|100.04000091552734|100.02999877929688|100.04000091552734|99.25189208984375|704500
2022-05-16|100.05000305175781|100.05000305175781|100.02999877929688|100.04000091552734|99.25189208984375|363800
2022-05-17|100.05000305175781|100.05000305175781|100.04000091552734|100.05000305175781|99.2618179321289|230500
2022-05-18|100.05000305175781|100.05999755859375|100.04000091552734|100.05000305175781|99.2618179321289|473800
2022-05-19|100.05999755859375|100.05999755859375|100.05000305175781|100.05999755859375|99.27173614501953|440400
2022-05-20|100.06999969482422|100.06999969482422|100.05000305175781|100.05000305175781|99.2618179321289|606400
2022-05-23|100.05000305175781|100.06999969482422|100.05000305175781|100.06500244140625|99.27670288085938|296500
2022-05-24|100.06999969482422|100.06999969482422|100.05500030517578|100.06999969482422|99.28166198730469|257200
2022-05-25|100.05999755859375|100.06999969482422|100.05999755859375|100.06999969482422|99.28166198730469|485200
2022-05-26|100.05999755859375|100.08000183105469|100.05999755859375|100.08000183105469|99.29158020019531|133600
2022-05-27|100.08999633789062|100.08999633789062|100.06999969482422|100.08000183105469|99.29158020019531|1204500
2022-05-31|100.05999755859375|100.08000183105469|100.05999755859375|100.08000183105469|99.29158020019531|637800
2022-06-01|100.05000305175781|100.05000305175781|100.02999877929688|100.04000091552734|99.29257202148438|366400
2022-06-02|100.04000091552734|100.05000305175781|100.02999877929688|100.05000305175781|99.30249786376953|247800
2022-06-03|100.05000305175781|100.05000305175781|100.02999877929688|100.05000305175781|99.30249786376953|380100
2022-06-06|100.05000305175781|100.05000305175781|100.02999877929688|100.04000091552734|99.29257202148438|215100
2022-06-07|100.02999877929688|100.05000305175781|100.02999877929688|100.04000091552734|99.29257202148438|307900
2022-06-08|100.05999755859375|100.05999755859375|100.04000091552734|100.04000091552734|99.29257202148438|270800
2022-06-09|100.05999755859375|100.05999755859375|100.02999877929688|100.05000305175781|99.30249786376953|570700
2022-06-10|100.05000305175781|100.05999755859375|100.03500366210938|100.05000305175781|99.30249786376953|1596800
2022-06-13|100.05000305175781|100.05000305175781|100.02999877929688|100.04000091552734|99.29257202148438|591800
2022-06-14|100.04000091552734|100.04000091552734|100.0199966430664|100.04000091552734|99.29257202148438|846000
2022-06-15|100.04000091552734|100.04000091552734|100.02999877929688|100.03500366210938|99.28761291503906|682700
2022-06-16|100.02999877929688|100.05999755859375|100.02999877929688|100.05999755859375|99.31242370605469|1536700
2022-06-17|100.05999755859375|100.06999969482422|100.05000305175781|100.06999969482422|99.32234954833984|672900
2022-06-21|100.06999969482422|100.08999633789062|100.05500030517578|100.08999633789062|99.34219360351562|1243100
2022-06-22|100.08000183105469|100.08000183105469|100.05999755859375|100.08000183105469|99.332275390625|941500
2022-06-23|100.08999633789062|100.08999633789062|100.08000183105469|100.08999633789062|99.34219360351562|442700
2022-06-24|100.08999633789062|100.08999633789062|100.06999969482422|100.06999969482422|99.32234954833984|598100
2022-06-27|100.06999969482422|100.08999633789062|100.06999969482422|100.08999633789062|99.34219360351562|535200
2022-06-28|100.0999984741211|100.0999984741211|100.0790023803711|100.08999633789062|99.34219360351562|726700
2022-06-29|100.0999984741211|100.0999984741211|100.08200073242188|100.0999984741211|99.35212707519531|384900
2022-06-30|100.11000061035156|100.12000274658203|100.0999984741211|100.12000274658203|99.37198638916016|559800
2022-07-01|100.05000305175781|100.05000305175781|100.02999877929688|100.04000091552734|99.36104583740234|391400
2022-07-05|100.04000091552734|100.05000305175781|100.02999877929688|100.05000305175781|99.37098693847656|530700
2022-07-06|100.05999755859375|100.05999755859375|100.04000091552734|100.05000305175781|99.37098693847656|719300
2022-07-07|100.06999969482422|100.06999969482422|100.05000305175781|100.05999755859375|99.38090515136719|970200
2022-07-08|100.05000305175781|100.05999755859375|100.05000305175781|100.05999755859375|99.38090515136719|292400
2022-07-11|100.05999755859375|100.06999969482422|100.04000091552734|100.05999755859375|99.38090515136719|837100
2022-07-12|100.06999969482422|100.06999969482422|100.05000305175781|100.05000305175781|99.37098693847656|862500
2022-07-13|100.05000305175781|100.09500122070312|100.04000091552734|100.04000091552734|99.36104583740234|758000
2022-07-14|100.05999755859375|100.08000183105469|100.05000305175781|100.06999969482422|99.3908462524414|5133800
2022-07-15|100.05999755859375|100.05999755859375|100.05000305175781|100.05999755859375|99.38090515136719|746000
2022-07-18|100.06999969482422|100.06999969482422|100.05000305175781|100.06999969482422|99.3908462524414|459500
2022-07-19|100.06999969482422|100.08999633789062|100.06999969482422|100.08000183105469|99.40077209472656|747700
2022-07-20|100.08999633789062|100.08999633789062|100.08000183105469|100.08000183105469|99.40077209472656|854600
2022-07-21|100.08999633789062|100.0999984741211|100.08999633789062|100.08999633789062|99.41070556640625|865700
2022-07-22|100.11000061035156|100.11000061035156|100.08999633789062|100.11000061035156|99.43057250976562|1006500
2022-07-25|100.11000061035156|100.11000061035156|100.0999984741211|100.11000061035156|99.43057250976562|1699600
2022-07-26|100.0999984741211|100.11000061035156|100.0999984741211|100.0999984741211|99.42063903808594|658300
2022-07-27|100.0999984741211|100.12000274658203|100.0999984741211|100.12000274658203|99.44050598144531|342500
2022-07-28|100.12000274658203|100.13999938964844|100.12000274658203|100.12000274658203|99.44050598144531|1658300
2022-07-29|100.12999725341797|100.13999938964844|100.0999984741211|100.0999984741211|99.42063903808594|2338600
2022-08-01|100.02999877929688|100.02999877929688|100.0199966430664|100.02999877929688|99.46637725830078|642900
2022-08-02|100.04000091552734|100.04000091552734|100.0250015258789|100.03500366210938|99.47135162353516|351900
2022-08-03|100.04000091552734|100.05000305175781|100.02999877929688|100.05000305175781|99.48627471923828|565400
2022-08-04|100.05000305175781|100.06500244140625|100.05000305175781|100.05999755859375|99.49620819091797|638100
2022-08-05|100.05999755859375|100.06999969482422|100.05000305175781|100.05999755859375|99.49620819091797|913700
2022-08-08|100.06999969482422|100.06999969482422|100.05999755859375|100.05999755859375|99.49620819091797|513600
2022-08-09|100.06999969482422|100.08000183105469|100.05999755859375|100.08000183105469|99.51609802246094|234000
2022-08-10|100.08999633789062|100.08999633789062|100.06999969482422|100.06999969482422|99.50615692138672|453800
2022-08-11|100.11000061035156|100.11000061035156|100.08000183105469|100.08999633789062|99.52603912353516|1577700
2022-08-12|100.11000061035156|100.11000061035156|100.08999633789062|100.0999984741211|99.5359878540039|282700
2022-08-15|100.11000061035156|100.11000061035156|100.0999984741211|100.0999984741211|99.5359878540039|397400
2022-08-16|100.11000061035156|100.11000061035156|100.0999984741211|100.11000061035156|99.54592895507812|745300
2022-08-17|100.11000061035156|100.12000274658203|100.11000061035156|100.12000274658203|99.55587768554688|526400
2022-08-18|100.12000274658203|100.13999938964844|100.12000274658203|100.12999725341797|99.56581115722656|1230200
2022-08-19|100.13999938964844|100.1500015258789|100.12999725341797|100.12999725341797|99.56581115722656|625200
2022-08-22|100.13999938964844|100.16999816894531|100.13999938964844|100.16999816894531|99.6055908203125|1013200
2022-08-23|100.16000366210938|100.16000366210938|100.13999938964844|100.13999938964844|99.57575225830078|657900
2022-08-24|100.16000366210938|100.16000366210938|100.1500015258789|100.16000366210938|99.59564971923828|402300
2022-08-25|100.16999816894531|100.19000244140625|100.16999816894531|100.18499755859375|99.62049865722656|640400
2022-08-26|100.19000244140625|100.19000244140625|100.16999816894531|100.18499755859375|99.62049865722656|897100
2022-08-29|100.19000244140625|100.19000244140625|100.16999816894531|100.19000244140625|99.62548065185547|977800
2022-08-30|100.18000030517578|100.19999694824219|100.18000030517578|100.19000244140625|99.62548065185547|1400600
2022-08-31|100.20999908447266|100.20999908447266|100.19000244140625|100.19999694824219|99.63541412353516|890700
2022-09-01|100.05999755859375|100.05999755859375|100.04000091552734|100.05999755859375|99.66329956054688|1368400
2022-09-02|100.06999969482422|100.06999969482422|100.05999755859375|100.05999755859375|99.66329956054688|573100
2022-09-06|100.08000183105469|100.08000183105469|100.05999755859375|100.06999969482422|99.67326354980469|778200
2022-09-07|100.06999969482422|100.08999633789062|100.06999969482422|100.08999633789062|99.69318389892578|821200
2022-09-08|100.0999984741211|100.11000061035156|100.0999984741211|100.11000061035156|99.7131118774414|433700
2022-09-09|100.12000274658203|100.12000274658203|100.0999984741211|100.0999984741211|99.7031478881836|311200
2022-09-12|100.11000061035156|100.12000274658203|100.0999984741211|100.0999984741211|99.7031478881836|666300
2022-09-13|100.11000061035156|100.12999725341797|100.11000061035156|100.12999725341797|99.73302459716797|476700
2022-09-14|100.13999938964844|100.13999938964844|100.12000274658203|100.12000274658203|99.72307586669922|1081300
2022-09-15|100.12999725341797|100.1500015258789|100.12999725341797|100.1500015258789|99.7529525756836|875600
2022-09-16|100.16000366210938|100.16000366210938|100.1500015258789|100.1500015258789|99.7529525756836|1476600
2022-09-19|100.16000366210938|100.16999816894531|100.1500015258789|100.16000366210938|99.7629165649414|1143000
2022-09-20|100.19000244140625|100.19000244140625|100.16999816894531|100.18000030517578|99.7828369140625|804200
2022-09-21|100.19000244140625|100.19000244140625|100.16999816894531|100.19000244140625|99.79280090332031|1227800
2022-09-22|100.19999694824219|100.20999908447266|100.19999694824219|100.19999694824219|99.80274963378906|1182600
2022-09-23|100.20999908447266|100.22000122070312|100.19999694824219|100.22000122070312|99.82267761230469|4600400
2022-09-26|100.22000122070312|100.22000122070312|100.20999908447266|100.22000122070312|99.82267761230469|3325700
2022-09-27|100.22000122070312|100.2300033569336|100.22000122070312|100.2300033569336|99.8326416015625|1521600
2022-09-28|100.2300033569336|100.25|100.2300033569336|100.2300033569336|99.8326416015625|1412300
2022-09-29|100.2699966430664|100.2699966430664|100.25|100.26000213623047|99.86251068115234|827100
2022-09-30|100.26000213623047|100.2699966430664|100.25|100.2699966430664|99.87246704101562|1704200
2022-10-03|100.12000274658203|100.12000274658203|100.11000061035156|100.12000274658203|99.87946319580078|1338200
2022-10-04|100.12999725341797|100.12999725341797|100.12000274658203|100.12999725341797|99.8894271850586|1843100
2022-10-05|100.13999938964844|100.13999938964844|100.12000274658203|100.12999725341797|99.8894271850586|1071200
2022-10-06|100.16000366210938|100.16000366210938|100.13999938964844|100.16000366210938|99.91936492919922|1018700
2022-10-07|100.1500015258789|100.16999816894531|100.13999938964844|100.16999816894531|99.92933654785156|1062300
2022-10-10|100.19000244140625|100.19000244140625|100.16999816894531|100.16999816894531|99.92933654785156|1169800
2022-10-11|100.16999816894531|100.18000030517578|100.15799713134766|100.18000030517578|99.93931579589844|2417600
2022-10-12|100.18000030517578|100.18000030517578|100.1500015258789|100.16000366210938|99.91936492919922|4243800
2022-10-13|100.19000244140625|100.19999694824219|100.18000030517578|100.19000244140625|99.94929504394531|854200
2022-10-14|100.18000030517578|100.20999908447266|100.18000030517578|100.20999908447266|99.96923828125|846300
2022-10-17|100.20999908447266|100.20999908447266|100.19000244140625|100.19999694824219|99.95925903320312|846200
2022-10-18|100.19999694824219|100.22000122070312|100.19999694824219|100.22000122070312|99.97921752929688|980700
2022-10-19|100.20999908447266|100.2300033569336|100.20999908447266|100.22000122070312|99.97921752929688|1640700
2022-10-20|100.25|100.25|100.23999786376953|100.23999786376953|99.9991683959961|853700
2022-10-21|100.26000213623047|100.26000213623047|100.23999786376953|100.26000213623047|100.01911926269531|2200100
2022-10-24|100.25|100.2699966430664|100.25|100.2699966430664|100.02909088134766|596900
2022-10-25|100.2699966430664|100.27999877929688|100.26000213623047|100.26000213623047|100.01911926269531|1384100
2022-10-26|100.29000091552734|100.29000091552734|100.26000213623047|100.26000213623047|100.01911926269531|1831900
2022-10-27|100.30000305175781|100.30999755859375|100.29000091552734|100.30999755859375|100.06900024414062|1775400
2022-10-28|100.31999969482422|100.31999969482422|100.30000305175781|100.30999755859375|100.06900024414062|1064300
2022-10-31|100.30999755859375|100.31999969482422|100.30999755859375|100.30999755859375|100.06900024414062|906400
2022-11-01|100.08000183105469|100.08999633789062|100.08000183105469|100.08000183105469|100.08000183105469|1764200
2022-11-02|100.08999633789062|100.0999984741211|100.08999633789062|100.0999984741211|100.0999984741211|926900
2022-11-03|100.12999725341797|100.13999938964844|100.12000274658203|100.13999938964844|100.13999938964844|1434100
2022-11-04|100.13999938964844|100.1500015258789|100.12999725341797|100.1500015258789|100.1500015258789|1553200
2022-11-07|100.13999938964844|100.1500015258789|100.13999938964844|100.1500015258789|100.1500015258789|678824
